"","Year","Month","Season","High_Peak_kW","Low_Peak_kW","High_Rate","Low_Rate","Low_Cost","High_Cost","Monthly_Demand_Cost","Facility_Charge","Total_Demand_Cost","Total_Cost"
"1",2024,1,"Winter",1.6448,1.68704,4.3,0,0,7072.64,7072.64,318707.712073192,0,318707.712073192
"2",2024,2,"Winter",1.68192,1.8880807260576,4.3,0,0,7232.256,7232.256,318707.712073192,0,318707.712073192
"3",2024,3,"Winter",1.65888,1.8436425775776,4.3,0,0,7133.184,7133.184,318707.712073192,0,318707.712073192
"4",2024,4,"Winter",1.7626570545504,1.9427300049184,4.3,0,0,7579.42533456672,7579.42533456672,318707.712073192,0,318707.712073192
"5",2024,5,"Winter",1.67424,1.9265977915104,4.3,0,0,7199.232,7199.232,318707.712073192,0,318707.712073192
"6",2024,6,"Summer",2.09024,2.08512,9.7,3.3,6880.896,20275.328,27156.224,318707.712073192,0,318707.712073192
"7",2024,7,"Summer",2.27328,2.21056,9.7,3.3,7294.848,22050.816,29345.664,318707.712073192,0,318707.712073192
"8",2024,8,"Summer",2.22848,2.3046465913376,9.7,3.3,7605.33375141409,21616.256,29221.5897514141,318707.712073192,0,318707.712073192
"9",2024,9,"Summer",2.7271090002912,2.7271090002912,9.7,3.3,8999.45970096096,26452.9573028246,35452.4170037856,318707.712073192,0,318707.712073192
"10",2024,10,"Winter",2.30528,2.59968,4.3,0,0,9912.704,9912.704,318707.712073192,0,318707.712073192
"11",2024,11,"Winter",1.66016,1.9264,4.3,0,0,7138.688,7138.688,318707.712073192,0,318707.712073192
"12",2024,12,"Winter",1.65376,1.850031409392,4.3,0,0,7111.168,7111.168,318707.712073192,0,318707.712073192
"13",2025,1,"Winter",0,0,4.3,0,0,0,0,318707.712073192,0,318707.712073192
